1324613905.37	21.030
1324613915.47	20.940
1324613925.56	20.940
1324613935.66	20.940
1324613945.75	20.940
1324613955.84	20.940
1324613965.95	20.940
1324613976.05	20.940
1324613986.14	20.940
1324613996.23	20.940
1324614006.33	21.030
1324614016.42	28.880
1324614026.51	30.180
1324614036.61	29.340
1324614046.72	28.520
1324614056.81	27.790
1324614066.91	27.150
1324614077.00	26.610
1324614087.09	26.070
1324614097.19	25.540
1324614107.28	25.180
1324614117.39	24.730
1324614127.48	24.380
1324614137.58	24.110
1324614147.67	23.850
1324614157.76	23.580
1324614167.86	23.400
1324614177.95	23.230
1324614188.06	23.050
1324614198.17	22.870
1324614208.26	22.700
1324614218.36	22.610
1324614228.45	22.520
1324614238.55	22.430
1324614248.64	22.350
1324614258.75	22.260
1324614268.84	22.170
1324614278.94	22.080
1324614289.03	21.990
1324614299.12	21.910
1324614309.22	21.910
1324614319.31	21.820
1324614329.42	21.820
1324614339.58	21.730
1324614349.67	21.730
1324614359.76	21.640
1324614369.86	21.640
1324614379.95	21.640
1324614390.05	21.640
1324614400.16	21.640
1324614410.25	21.560
1324614420.34	21.640
1324614430.44	21.640
1324614440.53	21.640
1324614450.62	21.560
1324614460.72	21.560
1324614470.83	21.560
1324614480.92	21.560
1324614491.01	21.640
1324614501.11	21.640
1324614511.20	21.640
1324614521.30	21.640
1324614531.39	21.640
1324614541.48	21.640
1324614551.59	21.640
1324614561.69	21.640
1324614571.78	21.730
1324614581.87	21.730
1324614591.97	21.730
1324614602.06	21.730
1324614612.16	21.820
1324614622.26	21.820
1324614632.36	21.820
1324614642.45	21.820
1324614652.55	21.820
1324614662.64	21.820
1324614672.73	21.820
1324614682.83	21.820
1324614692.94	21.820
1324614703.03	21.820
1324614713.12	21.820
1324614723.22	21.730
1324614733.31	21.730
1324614743.41	21.730
1324614753.50	21.730
1324614763.61	21.730
1324614773.70	21.640
1324614783.80	21.730
1324614793.89	21.730
1324614803.98	21.730
1324614814.08	21.730
1324614824.17	21.730
1324614834.28	21.730
1324614844.37	21.730
1324614854.47	21.730
1324614864.56	21.730
1324614874.66	21.730
1324614884.75	21.730
1324614894.84	21.730
1324614904.94	21.730
1324614915.05	21.730
1324614925.14	21.730
1324614935.23	21.820
1324614945.33	21.730
1324614955.42	21.640
1324614965.51	21.560
1324614975.61	23.760
1324614985.72	23.400
1324614995.81	22.700
1324615005.91	21.990
1324615016.00	21.290
1324615026.09	20.590
1324615036.19	19.980
1324615046.28	19.370
1324615056.39	18.840
1324615066.48	18.320
1324615076.58	17.880
1324615086.67	17.440
1324615096.76	17.090
1324615106.86	16.740
1324615116.95	16.390
1324615127.06	16.040
1324615137.16	15.770
1324615147.25	15.600
1324615157.34	15.330
1324615167.44	15.150
1324615177.53	14.980
1324615187.62	14.800
1324615197.73	14.620
1324615207.83	14.450
1324615217.92	14.360
1324615228.01	14.270
1324615238.11	14.090
1324615248.20	14.010
1324615258.30	13.920
1324615268.41	13.830
1324615278.50	13.740
1324615288.59	13.740
1324615298.69	13.650
1324615308.78	13.560
1324615318.87	13.560
1324615328.97	13.470
1324615339.08	13.380
1324615349.17	13.290
1324615359.26	13.210
1324615369.36	13.210
1324615379.45	13.120
1324615389.55	13.030
1324615399.64	12.940
1324615409.75	12.850
1324615419.84	12.850
1324615429.94	12.760
1324615440.03	12.670
1324615450.12	12.580
1324615460.22	12.580
1324615470.31	12.490
1324615480.42	12.490
1324615490.51	12.400
1324615500.61	12.400
1324615510.75	12.310
1324615520.86	12.310
1324615530.95	12.310
1324615541.05	12.220
1324615551.16	12.220
1324615561.25	12.220
1324615571.34	12.130
1324615581.44	12.130
1324615591.53	12.130
1324615601.62	12.130
1324615611.72	12.130
1324615621.83	12.040
1324615631.92	12.040
1324615642.01	12.040
1324615652.11	12.040
1324615662.20	12.040
1324615672.30	11.950
1324615682.39	11.950
1324615692.50	11.950
1324615702.59	11.950
1324615712.69	11.950
1324615722.78	11.950
1324615732.87	11.950
1324615742.97	11.950
1324615753.06	11.860
1324615763.17	11.860
1324615773.26	11.860
1324615783.36	11.860
1324615793.45	11.860
1324615803.55	11.860
1324615813.64	11.860
1324615823.73	11.860
1324615833.84	11.770
1324615843.94	11.770
1324615854.03	11.770
1324615864.12	11.770
1324615874.22	11.860
1324615884.31	11.770
1324615894.41	11.770
1324615904.51	11.770
1324615914.61	11.770
1324615924.70	11.770
1324615934.80	11.770
1324615944.89	11.770
1324615954.98	11.770
1324615965.08	11.770
1324615975.17	11.770
1324615985.28	11.770
1324615995.37	11.770
1324616005.47	11.770
1324616015.56	11.770
1324616025.66	11.770
1324616035.75	11.770
1324616045.84	11.770
1324616055.95	11.770
1324616066.05	11.770
1324616076.14	11.770
1324616086.23	11.770
1324616096.33	11.680
1324616106.42	11.680
1324616116.51	11.770
1324616126.62	11.770
1324616136.72	11.770
1324616146.81	11.770
1324616156.91	11.680
1324616167.00	11.680
1324616177.09	11.680
1324616187.19	11.680
1324616197.30	11.680
1324616207.39	11.680
1324616217.48	11.680
1324616227.58	11.680
1324616237.67	11.680
1324616247.76	11.680
1324616257.86	11.680
1324616267.97	11.680
1324616278.06	11.680
1324616288.16	11.680
1324616298.25	11.680
1324616308.34	11.680
1324616318.44	11.680
1324616328.53	11.680
1324616338.62	11.680
1324616348.73	11.590
1324616358.83	11.590
1324616368.92	11.590
1324616379.01	11.590
1324616389.11	11.590
1324616399.20	11.590
1324616409.30	11.500
1324616419.41	11.500
1324616429.50	11.500
1324616439.59	11.500
1324616449.69	11.410
1324616459.78	11.410
1324616469.87	11.410
1324616479.97	11.410
1324616490.08	11.410
1324616500.17	11.320
1324616510.26	11.320
1324616520.36	11.320
1324616530.45	11.320
1324616540.55	11.320
1324616550.64	11.320
1324616560.75	11.320
1324616570.84	11.320
1324616580.94	11.320
1324616591.03	11.320
1324616601.12	11.410
1324616611.22	11.410
1324616621.31	11.410
1324616631.41	11.410
1324616641.51	11.410
1324616651.61	11.410
1324616661.70	11.500
1324616671.80	11.500
1324616681.89	11.500
1324616691.98	11.500
1324616702.08	11.500
1324616712.19	11.590
1324616722.28	11.590
1324616732.37	11.590
1324616742.47	11.590
1324616752.56	11.680
1324616762.66	11.680
1324616772.75	11.680
1324616782.86	11.770
1324616792.95	11.770
1324616803.05	11.770
1324616813.14	11.860
1324616823.23	11.860
1324616833.33	11.860
1324616843.42	11.860
1324616853.53	11.950
1324616863.62	11.950
1324616873.72	11.950
1324616883.81	11.950
1324616893.91	11.950
1324616904.00	12.040
1324616914.09	12.040
1324616924.19	12.040
1324616934.30	12.040
1324616944.39	12.040
1324616954.48	12.040
1324616964.58	12.130
1324616974.67	12.130
1324616984.76	12.130
1324616994.86	12.130
1324617004.95	12.130
1324617015.06	12.130
1324617025.16	12.130
1324617035.25	12.130
1324617045.44	12.130
1324617055.53	12.220
1324617065.64	12.220
1324617075.73	12.220
1324617085.83	12.220
1324617095.92	12.220
1324617106.03	12.220
1324617116.12	12.220
1324617126.22	12.220

